D C 293.5 -233.1 1331.3 -438.7 1658.0 231.6 1051.5 522.2 479.5 523.3 850.0 1240.9
D C 294.7 -234.0 1332.0 -438.9 1655.3 231.3 1051.0 521.9 481.9 526.0 850.8 1242.1
D C 294.8 -234.1 1334.0 -439.6 1655.9 231.3 1052.6 522.7 482.6 526.8 852.9 1245.2
D C 295.0 -234.2 1332.6 -439.1 1652.2 230.8 1051.1 522.0 481.7 525.8 850.5 1241.6
D C 293.7 -233.2 1334.7 -439.8 1653.6 231.0 1050.4 521.7 478.2 522.0 851.4 1243.0
D C 293.8 -233.3 1329.4 -438.1 1655.4 231.3 1051.6 522.3 479.0 522.8 850.2 1241.2
D C 293.3 -232.9 1333.4 -439.4 1649.9 230.5 1054.2 523.6 480.7 524.6 850.7 1242.0
D C 293.6 -233.2 1332.7 -439.2 1652.1 230.8 1053.9 523.4 481.9 525.9 850.8 1242.1
D C 293.8 -233.3 1331.7 -438.8 1654.3 231.1 1052.1 526.5 480.8 524.8 851.3 1242.8
D C 294.4 -233.8 1331.3 -434.2 1653.3 231.0 1051.7 522.3 480.5 524.4 850.8 1242.1
D C 292.8 -232.5 1333.6 -439.4 1653.8 231.1 1054.3 523.6 480.7 524.7 852.0 1243.8
D C 293.4 -233.0 1331.9 -438.9 1658.4 231.7 1053.9 523.4 479.9 523.8 850.6 1241.7
D C 293.7 -233.2 1337.6 -440.8 1655.5 231.3 1052.2 522.6 480.4 527.6 850.9 1242.3
D C 294.0 -233.5 1330.7 -438.5 1655.3 231.3 1050.7 525.8 480.5 524.4 850.4 1241.5
D C 283.2 -232.0 1316.9 -434.0 1629.7 232.8 996.8 506.5 460.9 525.3 833.4 1249.2
D C 247.3 -228.0 1278.8 -438.9 1601.0 223.7 972.0 505.2 433.3 522.2 803.2 1245.0
D C 215.8 -219.4 1237.8 -429.0 1558.4 227.5 923.9 502.0 392.7 513.6
D C 201.3 -217.7 1192.2 -421.5 1537.6 224.4 909.5 497.8 380.5 510.6
D C 161.0 -207.3 1152.3 -419.3 1477.6 229.6 859.9 498.5 332.4 511.7
D C 137.6 -205.6 1112.6 -412.6 1448.0 225.0 830.3 495.1 304.5 512.4
D C 111.7 -199.6 1088.4 -415.1 1418.1 224.8 799.2 496.7 277.8 513.1
D C 88.5 -195.9 1053.1 -412.7 1382.3 227.8 761.0 495.9 243.6 512.0
D C 78.7 -194.6 1036.9 -410.1 1356.4 232.1 745.3 498.8 229.7 514.9
D C 46.0 -190.6 983.9 -406.7 1312.0 228.7 699.8 493.7 186.3 516.8
D C 945.5 -404.4 1278.7 226.9 672.2 489.8 159.2 509.3
D C 918.9 -403.1 1240.3 231.9 629.4 488.9 126.3 512.7
D C 878.5 -401.6 1208.1 229.7 601.2 488.0 448.6 1232.7 97.2 515.2
D C -33.4 -197.1 843.4 -388.7 1178.5 231.6 565.3 485.3 414.6 1232.6 71.1 514.7
D C -55.7 -201.7 815.6 -391.1 1136.9 230.7 537.5 484.9 385.6 1233.5 42.5 517.1
D C 770.9 -393.2 1088.0 231.2 488.6 477.5 339.7 1231.2 -2.0 519.6
D C 758.4 -392.8 1065.2 233.2 474.3 480.9 324.7 1235.7 -16.4 521.1
D C 730.4 -395.5 1035.8 230.1 447.1 476.1 300.7 1236.6 -42.4 525.1
D C 665.9 -379.2 986.3 231.8 395.6 473.8 249.3 1238.2 -88.1 524.2
D C 650.1 -380.9 971.6 228.4 384.1 471.6 235.7 1228.9 -103.4 526.1
D C 609.2 -379.9 923.4 229.0 340.0 468.2 190.1 1235.4 -142.6 532.7
D C 588.1 -371.8 905.7 230.5 326.1 469.8 174.0 1231.7 -157.0 533.6
D C 559.5 -370.8 869.6 235.6 294.8 469.5 140.2 1237.6
D C 526.4 -367.7 839.8 233.1 270.4 468.1 113.4 1238.7
D C 494.6 -366.2 809.1 232.6 241.7 466.7 83.4 1247.9
D C 450.0 -357.3 764.3 240.2 199.5 470.4 29.6 1243.8
D C 437.0 -360.3 747.6 234.9 188.1 467.2 25.9 1247.3
D C 409.0 -354.4 716.3 234.8 159.1 463.5 -12.4 1248.8
D C 377.0 -354.0 684.3 233.6 134.6 465.4 -35.8 1260.2
D C 348.1 -349.8 649.3 232.9 105.7 465.8 -74.2 1255.1
D C 333.3 -349.6 635.5 234.5 93.8 466.2 -89.6 1254.2
D C 292.1 -346.6 587.3 235.4 54.4 467.3 -136.5 1257.7
D C 266.4 -347.3 558.3 233.7 28.2 465.2 -165.1 1266.7
D C 239.8 -344.4 530.4 235.6 2.5 469.6 -191.9 1260.8
D C 211.7 -345.3 499.2 234.7 -23.5 471.8
D C 172.7 -339.9 454.8 232.9 -63.2 473.4
D C 160.9 -336.8 442.8 235.4 -79.0 479.3
D C 124.0 -336.0 394.9 235.5 -116.4 481.8
D C 112.8 -333.6 377.2 236.0 -130.4 487.2
D C 86.8 -332.4 349.7 234.0
D C 51.4 -330.6 304.7 232.2
D C 38.5 -335.8 287.1 233.1
D C 2.3 -333.5 244.3 230.1
D C -10.1 -337.5 228.1 228.4
D C -31.9 -337.1 199.3 227.2
D C -70.0 -342.1 154.4 222.5
D C -82.7 -344.5 139.6 219.3
D C -119.1 -350.5 100.2 217.3
D C -134.8 -350.1 91.6 212.4
D C 78.7 195.6
D C 59.4 176.5 -482.6 1427.6
D C 52.8 170.6 -453.9 1429.1
D C 34.6 150.3 -359.4 1468.2
D C 27.8 144.9 -333.5 1479.8
D C 17.6 136.6 -257.0 1501.5
D C 7.6 131.6
D C -1.7 129.8
D C -18.4 131.9
D C 
D C 120.3 1519.1
D C 245.8 1505.4
D C 298.0 1480.3
D C 470.3 1412.8 -63.8 822.0
D C 520.4 1390.0 -38.2 816.3
D C 681.4 1286.6 49.2 810.8 -62.1 1420.0
D C 777.5 1205.2 99.8 793.7
D C 819.2 1157.5 126.4 789.4
D C 935.4 1021.0 201.0 755.4
D C 975.1 970.6 225.8 738.2
D C 1052.1 812.0 290.2 696.2
D C 1099.5 706.9 331.3 659.3
D C 1114.0 645.8 348.6 639.2
D C 1150.3 461.0 392.9 566.1
D C 1164.5 409.6 407.3 546.5
D C 1168.0 214.7 444.1 467.1
D C 1133.6 91.5 457.2 409.9
D C 1120.3 35.2 461.3 383.9 572.9 1502.3
D C 1067.5 -74.7 444.2 334.2 -206.1 1015.8
D C 1049.2 -99.3 434.2 322.5 -198.2 1025.2
D C 990.1 -136.8 402.4 304.7 -213.5 1036.2
D C 976.0 -141.0 389.8 302.8 -228.9 1030.5
D C 927.5 -139.8 345.9 298.8 -276.7 1033.9
D C 895.9 -143.5 316.9 293.0 588.7 1400.0 -298.2 1037.4
D C 881.1 -143.9 300.5 293.7 -311.0 1045.4
D C 832.1 -143.7 796.1 610.5 257.9 288.5 -361.6 1048.6
D C 798.7 -143.0 760.4 605.7 229.2 285.0
D C 761.4 -143.6 729.5 603.4 199.5 281.9
D C 729.5 -146.9 699.0 596.4 173.9 280.8
D C 714.1 -150.6 685.1 595.5 162.8 279.8
D C 672.0 -150.4 637.3 596.6 121.0 275.9
D C 652.7 -150.3 618.9 597.4 107.8 275.1
D C 607.2 -151.6 571.6 597.6 72.8 273.7
D C 579.5 -150.4 536.9 589.6 49.1 274.3
D C 561.6 -153.1 525.3 587.7 37.0 273.8
D C 517.1 -153.0 481.0 583.3 0.6 274.9
D C 483.3 -149.4 447.1 581.1 -24.0 276.4
D C 454.7 -149.8 416.3 576.9 -48.2 276.4
D C 411.7 -177.6 420.9 550.5 -53.9 278.8
D C 385.8 -193.8 423.7 537.0 -57.7 279.9
D C 312.4 -246.5 452.4 464.3 401.2 1311.6 -51.4 279.9
D C 234.1 -288.4 474.0 387.2 547.7 1238.2 -44.1 283.8
D C 206.3 -306.3 476.6 358.6 586.8 1195.3 -40.6 284.0
D C 148.8 -321.6 482.1 307.8 -35.3 284.2
D C 95.1 -338.4 481.6 256.0 743.4 1050.4 -30.9 285.1
D C 35.0 -352.9 476.3 201.1 824.8 969.6 -25.5 283.6
D C 5.7 -356.6 473.0 174.6 -22.9 284.4
D C -85.2 -365.2 447.2 99.3 933.8 786.9 187.0 1323.1 -15.1 285.0
D C -145.7 -361.9 423.7 44.7 983.9 671.7 307.7 1300.0 -6.2 279.2 -288.5 880.1
D C 399.3 -16.9 1040.0 532.5 448.0 1243.1 10.6 271.9 -198.8 907.9
D C 367.3 -68.1 1072.0 391.9 578.2 1168.7 25.7 262.7
D C 307.6 -141.7 743.6 1023.8 44.0 245.5
D C 282.8 -161.1 1082.3 100.7 797.2 978.9 49.6 239.0
D C 230.4 -199.6 1051.9 -47.7 899.4 857.6 58.5 222.6
D C 175.0 -226.8 1006.1 -183.4 970.3 730.1 64.9 205.4
D C 120.1 -249.4 942.0 -320.1 1033.9 595.2 69.9 188.5
D C 94.6 -261.2 908.1 -381.9 1051.6 522.3 71.3 180.4
D C 15.1 -284.6 795.1 -548.2 1102.3 324.2 73.9 156.6
D C -39.2 -290.3 705.0 -614.8 1079.7 219.1 64.3 145.4
D C -83.0 -293.8 644.5 -643.6 1049.7 176.3 506.0 625.2 43.1 136.4
D C 577.8 -656.5 1017.5 132.6 495.3 608.2 25.6 131.3
D C 527.2 -657.7 970.9 129.6 455.5 607.3 -3.0 133.5
D C 510.8 -653.5 941.7 128.6 437.3 602.1 -12.7 136.7
D C 484.4 -656.4 906.4 129.5 404.1 605.7
D C 449.4 -649.8 873.0 127.4 378.0 602.0
D C 422.5 -648.4 841.1 128.1 347.2 605.3
D C 393.0 -650.0 808.3 125.6 325.2 605.1
D C 364.5 -651.6 775.5 127.8 290.6 606.0
D C 321.6 -642.6 726.7 131.3 247.0 608.2
D C 307.1 -642.9 706.6 127.6 235.1 605.4
D C 276.3 -643.2 671.9 127.8 206.6 608.1
D C 232.1 -640.8 621.5 124.1 162.8 604.3
D C 218.2 -639.0 606.5 125.0 147.2 605.3
D C 175.3 -639.3 558.0 123.9 105.1 608.3
D C 540.6 125.3 92.1 610.8
D C 133.0 -635.6 508.5 122.8 67.4 611.8
D C 463.2 124.0 24.1 616.3
D C 81.7 -642.6 446.6 121.0 7.1 614.6
D C -17.2 -641.4 412.4 69.3 42.5 607.7
D C -63.2 -646.3 399.7 40.9 72.2 604.7
D C -179.2 -634.3 381.5 -26.7 144.7 579.3
D C -289.2 -607.8 352.6 -82.3 206.8 552.5
D C 313.6 -141.0 272.6 507.2
D C 238.0 -212.8 351.7 421.2
D C 211.9 -233.5 372.4 389.3
D C 152.1 -266.0 407.6 318.6 -118.6 550.0
D C 93.1 -289.9 432.3 248.9 -49.8 553.1
D C 33.6 -309.1 443.7 177.8 9.8 554.0
D C -63.5 -320.5 438.8 62.7 106.4 528.6
D C -93.1 -318.1 429.1 30.7 133.6 514.7 -272.7 906.5
D C 395.2 -67.0 214.9 470.0 -101.9 938.5
D C 376.8 -106.5 243.3 442.9 -38.2 938.8
D C 336.0 -162.4 282.1 398.6 73.4 927.3
D C 270.6 -226.0 311.2 335.5 181.0 899.2
D C 251.0 -223.0 295.3 334.4 171.9 896.3
D C 184.3 -235.8 926.4 775.8 268.5 305.9 183.4 882.8
D C 162.6 -236.6 913.4 765.0 257.4 302.5 172.0 882.4
D C 133.2 -229.8 886.9 761.4 232.4 302.1 146.7 881.3
D C 93.2 -220.6 843.7 761.1 188.8 298.7 99.9 882.1
D C 81.5 -218.6 833.9 766.4 177.6 298.9 88.9 881.8
D C 46.8 -223.5 779.4 756.9 137.6 293.8 42.8 884.4
D C 22.9 -224.1 744.4 754.7 111.9 293.3 12.8 879.6
D C 13.3 -224.7 729.1 753.0 99.0 294.5 -0.7 879.9
D C -24.3 -233.7 682.9 749.9 58.7 286.9 -49.4 881.7
D C -35.2 -233.6 667.3 746.6 48.8 287.8 -60.4 883.7
D C -83.8 -241.9 668.9 703.6 29.0 279.3
D C 676.1 652.6 23.1 271.0
D C 685.8 599.9 16.7 262.5
D C 692.2 554.8 11.0 260.1
D C 689.3 528.6 6.1 258.3
D C 696.5 456.9 -2.5 252.5
D C 691.7 426.9 -4.0 251.2
D C 681.9 349.2 139.5 838.5 -16.2 247.5
D C 678.9 301.5 165.4 821.5 -21.6 248.3
D C 675.4 256.4 201.6 807.3 -17.5 245.1
D C 670.1 151.0 275.5 764.4 -13.5 241.0
D C 648.8 84.6 314.8 735.9 -14.0 236.2
D C 627.2 21.6 354.8 695.5 -12.3 232.1
D C 597.1 -43.6 385.4 653.2 -11.4 228.6
D C 583.8 -69.7 400.4 633.3 -12.1 228.5
D C 524.0 -162.0 449.8 555.8 -9.7 220.9
D C 483.0 -217.2 471.5 511.4 265.7 1319.7 -9.5 217.7
D C 434.5 -238.7 458.2 482.0 -24.5 213.5
D C 387.8 -263.9 452.2 455.7 -38.8 214.7
D C 366.0 -272.8 443.8 447.2 326.1 1272.9
D C 314.7 -272.7 399.1 438.3
D C 298.6 -270.3 382.7 441.6 269.6 1278.4
D C 251.2 -265.1 336.3 437.2 223.5 1270.3
D C 222.5 -265.7 307.6 434.6
D C 208.3 -263.1 293.5 437.1 180.5 1277.2
D C 163.5 -259.6 248.6 433.4
D C 122.3 -252.1 202.2 431.9
D C 107.6 -250.6 187.4 434.4
D C 81.2 -253.1 174.2 429.0 85.4 1278.0
D C 37.9 -265.4 171.9 412.2 146.1 1255.9
D C -2.3 -276.7 168.1 396.3 191.5 1244.9
D C -70.0 -284.0 159.5 369.6 271.9 1215.0
D C -88.9 -281.3 157.8 362.7
D C 153.9 350.8
D C 145.9 338.1 -506.2 1467.9
D C 153.4 314.9 -372.7 1502.5
D C 155.6 305.1 -322.9 1519.4
D C 154.6 273.3 -139.6 1551.3
D C 154.9 246.7
D C 140.7 230.2 74.7 1543.7
D C 115.8 220.2 102.7 1535.8
D C 721.7 802.4 104.5 216.2 128.4 1561.2
D C 688.0 784.1 65.8 210.4 107.9 1543.5
D C 709.6 728.3 53.1 199.4
D C 732.7 669.2 41.3 187.1
D C 734.3 614.9 27.2 180.7
D C 741.1 590.3 18.6 179.0 -346.9 1328.8
D C 745.9 516.0 452.7 1432.7 0.4 175.4
D C 545.0 1388.6 -18.7 177.8
D C 742.6 412.4 569.6 1354.4
D C 735.7 354.2 628.7 1310.9
D C 721.9 302.3 673.5 1271.8
D C 702.0 249.4 724.1 1218.7 37.4 1390.6
D C 680.0 184.2 786.2 1140.2 113.5 1379.1
D C 664.1 164.7 803.3 1127.6 134.7 1378.6 -115.2 726.9
D C 640.7 115.7 850.1 1063.8 201.9 1367.9 -92.9 730.4
D C 610.5 70.1 892.8 1011.3 258.3 1347.1 -71.0 737.9
D C 584.8 31.0 908.0 937.7 310.2 1328.7 -55.1 739.5
D C 532.4 -22.5 951.8 853.4 390.7 1291.6 -28.0 745.4
D C 515.5 -45.6 967.8 810.5 426.2 1280.2 -9.6 740.2
D C 479.9 -76.8 973.5 741.8 471.7 1248.3 1.7 741.4
D C 441.7 -110.3 990.7 671.9 525.9 1208.8 28.9 739.4
D C 405.2 -134.9 1002.3 610.2 565.8 1170.6 46.9 735.3
D C 343.8 -166.2 996.2 533.4 597.0 1127.2 50.8 726.5
D C 328.6 -163.8 975.8 541.9 580.2 1128.8 35.2 728.1
D C 300.5 -160.3 938.8 540.4 550.2 1129.4 6.1 726.9
D C 888.6 533.5 498.4 1126.6 -36.6 733.3
D C 238.9 -152.0 870.1 529.7 482.3 1127.4 -50.3 736.5
D C 193.8 -145.4 820.6 531.2 437.3 1125.8 -94.2 740.6
D C 798.7 531.0 423.8 1132.1 -108.5 743.4
D C 752.3 527.2 371.2 1126.4 -151.1 745.0
D C 717.9 523.1 347.9 1125.0 -176.3 750.0
D C 721.0 495.4 373.4 1110.2 -158.2 755.8
D C 727.5 439.8 428.4 1083.3 -133.6 766.4
D C 716.4 395.0 454.9 1054.3 -116.2 779.4
D C 706.5 316.4 515.2 994.8 -77.8 784.0
D C 694.4 285.7 539.0 974.0 -63.4 785.3
D C 679.4 234.3 568.4 930.4 -41.7 787.2
D C 639.6 229.4 527.1 932.1 -79.1 796.6
D C 620.0 226.7 514.1 929.0 -93.7 794.8
D C 566.4 229.0 466.2 935.0 -141.3 796.0
D C 551.8 227.1 451.0 933.0 -157.5 801.4
D C 517.7 228.1 416.7 934.1 -188.2 800.9
D C 469.7 226.1 371.5 930.9 -231.4 804.9
D C 458.0 225.7 359.1 933.0 -244.1 811.4
D C 410.2 224.5 310.8 933.5
D C 381.9 221.4 281.0 928.9
D C 361.6 220.1 269.5 932.1
D C 318.3 220.2 220.5 931.7
D C 300.8 219.1 203.1 934.4
D C 260.6 215.6 162.0 937.8
D C 245.3 214.5 144.2 937.5
D C 212.8 211.8 112.2 939.1
D C 178.6 204.9 82.9 937.4
D C 181.0 206.2 85.6 934.9
D C 182.2 207.7 85.5 934.5
D C 181.6 206.9 85.2 930.3
D C 180.9 206.2 85.6 935.4
D C 180.9 206.1 85.7 936.0
D C 181.3 206.7 85.6 935.3
